[[13.61111111 16.33333333  8.16666667 11.          8.33333333  4.66666667  5.83333333  7.          3.5         3.          1.5         2.66666667  1.33333333  1.33333333 13.61111111 16.33333333  8.16666667 11.          8.33333333  4.66666667  5.83333333  7.          3.5         3.          1.5         2.66666667  1.33333333  0.66666667  8.22222222  8.22222222]
 [12.61111111 16.33333333  8.16666667 11.          8.33333333  4.66666667  5.83333333  7.          3.5         3.          1.5         2.66666667  1.33333333  1.33333333 13.61111111 16.33333333  8.16666667 11.          8.33333333  4.66666667  5.83333333  7.          3.5         3.          1.5         2.66666667  1.33333333  0.66666667  8.22222222  8.22222222]
 [11.61111111 14.33333333  8.16666667 11.          8.33333333  4.66666667  5.83333333  7.          3.5         3.          1.5         2.66666667  1.33333333  1.33333333 13.61111111 16.33333333  8.16666667 11.          8.33333333  4.66666667  5.83333333  7.          3.5         3.          1.5         2.66666667  1.33333333  0.66666667  8.22222222  8.22222222]
 [10.27777778 12.33333333  6.16666667 11.          8.33333333  4.66666667  5.83333333  7.          3.5         3.          1.5         2.66666667  1.33333333  1.33333333 13.61111111 16.33333333  8.16666667 11.          8.33333333  4.66666667  5.83333333  7.          3.5         3.          1.5         2.66666667  1.33333333  0.66666667  8.22222222  7.55555556]
 [ 8.61111111 10.33333333  5.16666667  9.          8.33333333  4.66666667  5.83333333  7.          3.5         3.          1.5         2.66666667  1.33333333  1.33333333 13.61111111 16.33333333  8.16666667 11.          8.33333333  4.66666667  5.83333333  7.          3.5         3.          1.5         2.66666667  1.33333333  0.66666667  8.22222222  6.22222222]
 [ 6.94444444  8.33333333  4.16666667  7.          6.33333333  4.66666667  5.83333333  7.          3.5         3.          1.5         2.66666667  1.33333333  1.33333333 13.61111111 16.33333333  8.16666667 11.          8.33333333  4.66666667  5.83333333  7.          3.5         3.          1.5         2.66666667  1.33333333  0.66666667  8.22222222  4.88888889]
 [ 5.27777778  6.33333333  3.16666667  5.          4.33333333  2.66666667  5.83333333  7.          3.5         3.          1.5         2.66666667  1.33333333  1.33333333 13.61111111 16.33333333  8.16666667 11.          8.33333333  4.66666667  5.83333333  7.          3.5         3.          1.5         2.66666667  1.33333333  0.66666667  8.22222222  3.55555556]
 [ 5.27777778  6.33333333  3.16666667  5.          4.33333333  2.66666667  4.83333333  7.          3.5         3.          1.5         2.66666667  1.33333333  1.33333333 13.61111111 16.33333333  8.16666667 11.          8.33333333  4.66666667  5.83333333  7.          3.5         3.          1.5         2.66666667  1.33333333  0.66666667  8.22222222  3.55555556]
 [ 5.27777778  6.33333333  3.16666667  5.          4.33333333  2.66666667  3.83333333  5.          3.5         3.          1.5         2.66666667  1.33333333  1.33333333 13.61111111 16.33333333  8.16666667 11.          8.33333333  4.66666667  5.83333333  7.          3.5         3.          1.5         2.66666667  1.33333333  0.66666667  8.22222222  3.55555556]
 [ 5.90277778  7.08333333  3.54166667  5.75        5.08333333  3.16666667  3.95833333  4.75        2.375       3.75        1.875       2.66666667  1.33333333  1.33333333 13.61111111 16.33333333  8.16666667 11.          8.33333333  4.66666667  5.83333333  7.          3.5         3.          1.5         2.66666667  1.33333333  0.66666667  8.22222222  4.05555556]
 [ 7.15277778  8.58333333  4.29166667  7.25        6.58333333  4.16666667  5.20833333  6.25        3.125       3.25        2.625       2.66666667  1.33333333  1.33333333 13.61111111 16.33333333  8.16666667 11.          8.33333333  4.66666667  5.83333333  7.          3.5         3.          1.5         2.66666667  1.33333333  0.66666667  8.22222222  5.05555556]
 [ 4.65277778  5.58333333  2.79166667  4.25        3.58333333  2.16666667  2.70833333  3.25        1.625       2.25        1.125       2.66666667  1.33333333  1.33333333 13.61111111 16.33333333  8.16666667 11.          8.33333333  4.66666667  5.83333333  7.          3.5         3.          1.5         2.66666667  1.33333333  0.66666667  8.22222222  3.05555556]
 [ 3.40277778  4.08333333  2.04166667  2.75        2.08333333  1.16666667  1.45833333  1.75        0.875       0.75        0.375       0.66666667  1.33333333  1.33333333 13.61111111 16.33333333  8.16666667 11.          8.33333333  4.66666667  5.83333333  7.          3.5         3.          1.5         2.66666667  1.33333333  0.66666667  8.22222222  2.05555556]
 [ 3.40277778  4.08333333  2.04166667  2.75        2.08333333  1.16666667  1.45833333  1.75        0.875       0.75        0.375       0.66666667  0.33333333  1.33333333 13.61111111 16.33333333  8.16666667 11.          8.33333333  4.66666667  5.83333333  7.          3.5         3.          1.5         2.66666667  1.33333333  0.66666667  8.22222222  2.05555556]
 [ 3.40277778  4.08333333  2.04166667  2.75        2.08333333  1.16666667  1.45833333  1.75        0.875       0.75        0.375       0.66666667  0.33333333  0.33333333 13.61111111 16.33333333  8.16666667 11.          8.33333333  4.66666667  5.83333333  7.          3.5         3.          1.5         2.66666667  1.33333333  0.66666667  8.22222222  2.05555556]
 [ 3.40277778  4.08333333  2.04166667  2.75        2.08333333  1.16666667  1.45833333  1.75        0.875       0.75        0.375       0.66666667  0.33333333  0.33333333 12.61111111 16.33333333  8.16666667 11.          8.33333333  4.66666667  5.83333333  7.          3.5         3.          1.5         2.66666667  1.33333333  0.66666667  8.22222222  2.05555556]
 [ 3.40277778  4.08333333  2.04166667  2.75        2.08333333  1.16666667  1.45833333  1.75        0.875       0.75        0.375       0.66666667  0.33333333  0.33333333 11.61111111 14.33333333  8.16666667 11.          8.33333333  4.66666667  5.83333333  7.          3.5         3.          1.5         2.66666667  1.33333333  0.66666667  8.22222222  2.05555556]
 [ 3.40277778  4.08333333  2.04166667  2.75        2.08333333  1.16666667  1.45833333  1.75        0.875       0.75        0.375       0.66666667  0.33333333  0.33333333 10.27777778 12.33333333  6.16666667 11.          8.33333333  4.66666667  5.83333333  7.          3.5         3.          1.5         2.66666667  1.33333333  0.66666667  7.55555556  2.05555556]
 [ 3.40277778  4.08333333  2.04166667  2.75        2.08333333  1.16666667  1.45833333  1.75        0.875       0.75        0.375       0.66666667  0.33333333  0.33333333  8.61111111 10.33333333  5.16666667  9.          8.33333333  4.66666667  5.83333333  7.          3.5         3.          1.5         2.66666667  1.33333333  0.66666667  6.22222222  2.05555556]
 [ 3.40277778  4.08333333  2.04166667  2.75        2.08333333  1.16666667  1.45833333  1.75        0.875       0.75        0.375       0.66666667  0.33333333  0.33333333  6.94444444  8.33333333  4.16666667  7.          6.33333333  4.66666667  5.83333333  7.          3.5         3.          1.5         2.66666667  1.33333333  0.66666667  4.88888889  2.05555556]
 [ 3.40277778  4.08333333  2.04166667  2.75        2.08333333  1.16666667  1.45833333  1.75        0.875       0.75        0.375       0.66666667  0.33333333  0.33333333  5.27777778  6.33333333  3.16666667  5.          4.33333333  2.66666667  5.83333333  7.          3.5         3.          1.5         2.66666667  1.33333333  0.66666667  3.55555556  2.05555556]
 [ 3.40277778  4.08333333  2.04166667  2.75        2.08333333  1.16666667  1.45833333  1.75        0.875       0.75        0.375       0.66666667  0.33333333  0.33333333  5.27777778  6.33333333  3.16666667  5.          4.33333333  2.66666667  4.83333333  7.          3.5         3.          1.5         2.66666667  1.33333333  0.66666667  3.55555556  2.05555556]
 [ 3.40277778  4.08333333  2.04166667  2.75        2.08333333  1.16666667  1.45833333  1.75        0.875       0.75        0.375       0.66666667  0.33333333  0.33333333  5.27777778  6.33333333  3.16666667  5.          4.33333333  2.66666667  3.83333333  5.          3.5         3.          1.5         2.66666667  1.33333333  0.66666667  3.55555556  2.05555556]
 [ 3.40277778  4.08333333  2.04166667  2.75        2.08333333  1.16666667  1.45833333  1.75        0.875       0.75        0.375       0.66666667  0.33333333  0.33333333  5.90277778  7.08333333  3.54166667  5.75        5.08333333  3.16666667  3.95833333  4.75        2.375       3.75        1.875       2.66666667  1.33333333  0.66666667  4.05555556  2.05555556]
 [ 3.40277778  4.08333333  2.04166667  2.75        2.08333333  1.16666667  1.45833333  1.75        0.875       0.75        0.375       0.66666667  0.33333333  0.33333333  7.15277778  8.58333333  4.29166667  7.25        6.58333333  4.16666667  5.20833333  6.25        3.125       3.25        2.625       2.66666667  1.33333333  0.66666667  5.05555556  2.05555556]
 [ 3.40277778  4.08333333  2.04166667  2.75        2.08333333  1.16666667  1.45833333  1.75        0.875       0.75        0.375       0.66666667  0.33333333  0.33333333  4.65277778  5.58333333  2.79166667  4.25        3.58333333  2.16666667  2.70833333  3.25        1.625       2.25        1.125       2.66666667  1.33333333  0.66666667  3.05555556  2.05555556]
 [ 3.40277778  4.08333333  2.04166667  2.75        2.08333333  1.16666667  1.45833333  1.75        0.875       0.75        0.375       0.66666667  0.33333333  0.33333333  3.40277778  4.08333333  2.04166667  2.75        2.08333333  1.16666667  1.45833333  1.75        0.875       0.75        0.375       0.66666667  1.33333333  0.66666667  2.05555556  2.05555556]
 [ 6.80555556  8.16666667  4.08333333  5.5         4.16666667  2.33333333  2.91666667  3.5         1.75        1.5         0.75        1.33333333  0.66666667  0.66666667  6.80555556  8.16666667  4.08333333  5.5         4.16666667  2.33333333  2.91666667  3.5         1.75        1.5         0.75        1.33333333  0.66666667  1.33333333  4.11111111  4.11111111]
 [ 3.40277778  4.08333333  2.04166667  2.75        2.08333333  1.16666667  1.45833333  1.75        0.875       0.75        0.375       0.66666667  0.33333333  0.33333333 11.94444444 14.33333333  7.16666667 11.          8.33333333  4.66666667  5.83333333  7.          3.5         3.          1.5         2.66666667  1.33333333  0.66666667  8.88888889  2.05555556]
 [11.94444444 14.33333333  7.16666667 11.          8.33333333  4.66666667  5.83333333  7.          3.5         3.          1.5         2.66666667  1.33333333  1.33333333 13.61111111 16.33333333  8.16666667 11.          8.33333333  4.66666667  5.83333333  7.          3.5         3.          1.5         2.66666667  1.33333333  0.66666667  8.22222222  8.88888889]]