[[28.         26.         24.         17.25        8.625      15.83333333 14.25        7.125       9.5         4.75        3.16666667  4.75       10.83333333  9.75        4.875       6.75        8.          6.          4.          2.          3.375       6.5         3.25        2.16666667  3.25       14.        ]
 [26.         26.         24.         17.25        8.625      15.83333333 14.25        7.125       9.5         4.75        3.16666667  4.75       10.83333333  9.75        4.875       6.75        8.          6.          4.          2.          3.375       6.5         3.25        2.16666667  3.25       13.        ]
 [24.         24.         24.         17.25        8.625      15.83333333 14.25        7.125       9.5         4.75        3.16666667  4.75       10.83333333  9.75        4.875       6.75        8.          6.          4.          2.          3.375       6.5         3.25        2.16666667  3.25       12.        ]
 [22.         22.         22.         17.25        8.625      15.83333333 14.25        7.125       9.5         4.75        3.16666667  4.75       10.83333333  9.75        4.875       6.75        8.          6.          4.          2.          3.375       6.5         3.25        2.16666667  3.25       11.        ]
 [20.         20.         20.         15.25        8.625      15.83333333 14.25        7.125       9.5         4.75        3.16666667  4.75       10.83333333  9.75        4.875       6.75        8.          6.          4.          2.          3.375       6.5         3.25        2.16666667  3.25       10.        ]
 [18.         18.         18.         13.5         6.75       15.83333333 13.5         6.75        9.5         4.75        3.16666667  4.75       10.83333333  9.75        4.875       6.75        8.          6.          4.          2.          3.375       6.5         3.25        2.16666667  3.25        9.        ]
 [20.         20.         20.         15.          7.5        15.83333333 15.          7.5         9.5         4.75        3.16666667  4.75       10.83333333  9.75        4.875       6.75        8.          6.          4.          2.          3.375       6.5         3.25        2.16666667  3.25       10.        ]
 [22.         22.         22.         16.5         8.25       15.83333333 14.5         8.25        9.5         4.75        3.16666667  4.75       10.83333333  9.75        4.875       6.75        8.          6.          4.          2.          3.375       6.5         3.25        2.16666667  3.25       11.        ]
 [16.         16.         16.         12.          6.         13.83333333 12.          6.          9.5         4.75        3.16666667  4.75       10.83333333  9.75        4.875       6.75        8.          6.          4.          2.          3.375       6.5         3.25        2.16666667  3.25        8.        ]
 [14.         14.         14.         10.5         5.25       11.83333333 10.5         5.25        7.5         4.75        3.16666667  4.75       10.83333333  9.75        4.875       6.75        8.          6.          4.          2.          3.375       6.5         3.25        2.16666667  3.25        7.        ]
 [13.         13.         13.          9.75        4.875      10.83333333  9.75        4.875       6.5         3.25        3.66666667  4.75       10.83333333  9.75        4.875       6.75        8.          6.          4.          2.          3.375       6.5         3.25        2.16666667  3.25        6.5       ]
 [13.         13.         13.          9.75        4.875      10.83333333  9.75        4.875       6.5         3.25        2.66666667  4.75       10.83333333  9.75        4.875       6.75        8.          6.          4.          2.          3.375       6.5         3.25        2.16666667  3.25        6.5       ]
 [14.         14.         14.         10.5         5.25       11.66666667 10.5         5.25        7.          3.5         2.33333333  3.5        11.66666667  9.75        4.875       6.75        8.          6.          4.          2.          3.375       7.          3.5         2.33333333  3.5         7.        ]
 [12.         12.         12.          9.          4.5        10.          9.          4.5         6.          3.          2.          3.         10.          9.75        4.875       6.75        8.          6.          4.          2.          3.375       6.          3.          2.          3.          6.        ]
 [10.         10.         10.          7.5         3.75        8.33333333  7.5         3.75        5.          2.5         1.66666667  2.5         8.33333333  7.75        4.875       6.75        8.          6.          4.          2.          3.375       5.          2.5         1.66666667  2.5         5.        ]
 [10.         10.         10.          7.5         3.75        8.33333333  7.5         3.75        5.          2.5         1.66666667  2.5         8.33333333  7.5         3.75        7.5         8.          6.          4.          2.          3.75        5.          2.5         1.66666667  2.5         5.        ]
 [ 8.          8.          8.          6.          3.          6.66666667  6.          3.          4.          2.          1.33333333  2.          6.66666667  6.          3.          6.          8.          6.          4.          2.          3.          4.          2.          1.33333333  2.          4.        ]
 [ 6.          6.          6.          4.5         2.25        5.          4.5         2.25        3.          1.5         1.          1.5         5.          4.5         2.25        4.5         6.          6.          4.          2.          2.25        3.          1.5         1.          1.5         3.        ]
 [ 4.          4.          4.          3.          1.5         3.33333333  3.          1.5         2.          1.          0.66666667  1.          3.33333333  3.          1.5         3.          4.          4.          4.          2.          1.5         2.          1.          0.66666667  1.          2.        ]
 [ 2.          2.          2.          1.5         0.75        1.66666667  1.5         0.75        1.          0.5         0.33333333  0.5         1.66666667  1.5         0.75        1.5         2.          2.          2.          2.          0.75        1.          0.5         0.33333333  0.5         1.        ]
 [12.         12.         12.          9.          4.5        10.          9.          4.5         6.          3.          2.          3.         10.          9.          4.5         7.          8.          6.          4.          2.          4.5         6.          3.          2.          3.          6.        ]
 [16.         16.         16.         12.          6.         13.33333333 12.          6.          8.          4.          2.66666667  4.         11.33333333  9.75        4.875       6.75        8.          6.          4.          2.          3.375       8.          4.          2.66666667  4.          8.        ]
 [18.         18.         18.         13.5         6.75       15.         13.5         6.75        9.          4.5         3.          4.5        11.          9.75        4.875       6.75        8.          6.          4.          2.          3.375       7.          4.5         3.          4.5         9.        ]
 [19.         19.         19.         14.25        7.125      15.83333333 14.25        7.125       9.5         4.75        3.16666667  4.75       10.83333333  9.75        4.875       6.75        8.          6.          4.          2.          3.375       6.5         3.25        3.66666667  4.75        9.5       ]
 [19.         19.         19.         14.25        7.125      15.83333333 14.25        7.125       9.5         4.75        3.16666667  4.75       10.83333333  9.75        4.875       6.75        8.          6.          4.          2.          3.375       6.5         3.25        2.66666667  4.75        9.5       ]
 [28.         26.         24.         17.25        8.625      15.83333333 14.25        7.125       9.5         4.75        3.16666667  4.75       10.83333333  9.75        4.875       6.75        8.          6.          4.          2.          3.375       6.5         3.25        2.16666667  3.25       15.        ]]