[[ 1.12500000e+00  1.50000000e+00  2.25000000e+00  1.12500000e+00  1.12500000e+00  1.25000000e+00  7.50000000e-01  3.75000000e-01  1.20000000e+01  2.00000000e+01  1.20000000e+01  6.00000000e+00  4.50000000e+00  5.00000000e+00  3.00000000e+00  1.50000000e+00  2.00000000e+00  1.50000000e+00  3.75000000e-01]
 [ 6.24500451e-17  2.50000000e+00  3.00000000e+00  1.50000000e+00  1.12500000e+00  1.25000000e+00  7.50000000e-01  3.75000000e-01  1.20000000e+01  2.00000000e+01  1.20000000e+01  6.00000000e+00  4.50000000e+00  5.00000000e+00  3.00000000e+00  1.50000000e+00  2.00000000e+00  1.50000000e+00  0.00000000e+00]
 [ 6.24500451e-17  1.50000000e+00  3.00000000e+00  1.50000000e+00  1.12500000e+00  1.25000000e+00  7.50000000e-01  3.75000000e-01  1.20000000e+01  2.00000000e+01  1.20000000e+01  6.00000000e+00  4.50000000e+00  5.00000000e+00  3.00000000e+00  1.50000000e+00  2.00000000e+00  1.50000000e+00  0.00000000e+00]
 [ 6.24500451e-17  5.00000000e-01  1.00000000e+00  1.50000000e+00  1.12500000e+00  1.25000000e+00  7.50000000e-01  3.75000000e-01  1.20000000e+01  2.00000000e+01  1.20000000e+01  6.00000000e+00  4.50000000e+00  5.00000000e+00  3.00000000e+00  1.50000000e+00  2.00000000e+00  1.50000000e+00  0.00000000e+00]
 [ 6.24500451e-17  0.00000000e+00  1.24900090e-16  6.24500451e-17  1.31250000e+00  6.25000000e-01  3.75000000e-01  1.87500000e-01  1.20000000e+01  2.00000000e+01  1.20000000e+01  6.00000000e+00  4.50000000e+00  5.00000000e+00  3.00000000e+00  1.50000000e+00  2.00000000e+00  1.50000000e+00  0.00000000e+00]
 [ 6.24500451e-17  0.00000000e+00  1.24900090e-16  6.24500451e-17  9.37500000e-01  1.87500000e+00  1.12500000e+00  5.62500000e-01  1.20000000e+01  2.00000000e+01  1.20000000e+01  6.00000000e+00  4.50000000e+00  5.00000000e+00  3.00000000e+00  1.50000000e+00  2.00000000e+00  1.50000000e+00  0.00000000e+00]
 [ 6.24500451e-17  0.00000000e+00  1.24900090e-16  6.24500451e-17  5.62500000e-01  1.12500000e+00  1.87500000e+00  9.37500000e-01  1.20000000e+01  2.00000000e+01  1.20000000e+01  6.00000000e+00  4.50000000e+00  5.00000000e+00  3.00000000e+00  1.50000000e+00  2.00000000e+00  1.50000000e+00  0.00000000e+00]
 [ 6.24500451e-17  0.00000000e+00  1.24900090e-16  6.24500451e-17  1.87500000e-01  3.75000000e-01  6.25000000e-01  1.31250000e+00  1.20000000e+01  2.00000000e+01  1.20000000e+01  6.00000000e+00  4.50000000e+00  5.00000000e+00  3.00000000e+00  1.50000000e+00  2.00000000e+00  1.50000000e+00  0.00000000e+00]
 [ 6.24500451e-17  0.00000000e+00  1.24900090e-16  6.24500451e-17 -1.24900090e-16 -9.99200722e-16  1.24900090e-16  6.24500451e-17  1.25000000e+01  2.00000000e+01  1.20000000e+01  6.00000000e+00  4.50000000e+00  5.00000000e+00  3.00000000e+00  1.50000000e+00  2.00000000e+00  1.50000000e+00  0.00000000e+00]
 [ 6.24500451e-17 -0.00000000e+00  1.24900090e-16  6.24500451e-17 -1.24900090e-16 -9.99200722e-16  1.24900090e-16  6.24500451e-17  1.15000000e+01  2.00000000e+01  1.20000000e+01  6.00000000e+00  4.50000000e+00  5.00000000e+00  3.00000000e+00  1.50000000e+00  2.00000000e+00  1.50000000e+00 -0.00000000e+00]
 [ 8.88178420e-17  0.00000000e+00  1.77635684e-16  8.04911693e-17 -4.99600361e-17 -8.43769499e-16  1.77635684e-16  8.88178420e-17  1.05000000e+01  1.80000000e+01  1.20000000e+01  6.00000000e+00  4.50000000e+00  5.00000000e+00  3.00000000e+00  1.50000000e+00  2.00000000e+00  1.50000000e+00 -1.66533454e-17]
 [ 6.66133815e-17  0.00000000e+00  1.33226763e-16  4.99600361e-17 -9.99200722e-17 -7.99360578e-16  1.33226763e-16  6.66133815e-17  9.50000000e+00  1.60000000e+01  1.00000000e+01  6.00000000e+00  4.50000000e+00  5.00000000e+00  3.00000000e+00  1.50000000e+00  2.00000000e+00  1.50000000e+00 -3.33066907e-17]
 [ 7.18795063e-17  0.00000000e+00  1.43759013e-16  4.25378978e-17 -1.35828848e-16 -8.83618575e-16  1.43759013e-16  7.18795063e-17  1.05000000e+01  1.75000000e+01  1.05000000e+01  5.25000000e+00  5.25000000e+00  5.00000000e+00  3.00000000e+00  1.50000000e+00  2.00000000e+00  1.50000000e+00 -1.05322497e-17]
 [ 4.91050653e-17  0.00000000e+00  9.82101305e-17  4.43469666e-17 -7.44196371e-17 -6.52454281e-16  9.82101305e-17  4.91050653e-17  7.50000000e+00  1.25000000e+01  7.50000000e+00  3.75000000e+00  3.75000000e+00  5.00000000e+00  3.00000000e+00  1.50000000e+00  2.00000000e+00  1.50000000e+00 -3.15967490e-17]
 [ 2.63306242e-17  0.00000000e+00  5.26612484e-17  4.61560353e-17 -1.30104261e-17 -4.21289987e-16  5.26612484e-17  2.63306242e-17  4.50000000e+00  7.50000000e+00  4.50000000e+00  2.25000000e+00  2.25000000e+00  3.00000000e+00  3.00000000e+00  1.50000000e+00  2.00000000e+00  1.50000000e+00 -5.26612484e-17]
 [ 9.10729825e-18  0.00000000e+00  1.82145965e-17  9.10729825e-18 -1.82145965e-17 -1.45716772e-16  1.82145965e-17  9.10729825e-18  1.50000000e+00  2.50000000e+00  1.50000000e+00  7.50000000e-01  7.50000000e-01  1.00000000e+00  1.00000000e+00  1.50000000e+00  2.00000000e+00  1.50000000e+00 -1.82145965e-17]
 [ 0.00000000e+00  0.00000000e+00  0.00000000e+00  0.00000000e+00  0.00000000e+00  0.00000000e+00  0.00000000e+00  0.00000000e+00  0.00000000e+00  0.00000000e+00  0.00000000e+00  0.00000000e+00  0.00000000e+00  0.00000000e+00  0.00000000e+00  0.00000000e+00  2.00000000e+00  1.00000000e+00  0.00000000e+00]
 [ 0.00000000e+00  0.00000000e+00  0.00000000e+00  0.00000000e+00  0.00000000e+00  0.00000000e+00  0.00000000e+00  0.00000000e+00  0.00000000e+00  0.00000000e+00  0.00000000e+00  0.00000000e+00  0.00000000e+00  0.00000000e+00  0.00000000e+00  0.00000000e+00  2.00000000e+00  2.00000000e+00  0.00000000e+00]
 [ 3.75000000e-01  5.00000000e-01  7.50000000e-01  3.75000000e-01  1.12500000e+00  1.25000000e+00  7.50000000e-01  3.75000000e-01  1.20000000e+01  2.00000000e+01  1.20000000e+01  6.00000000e+00  4.50000000e+00  5.00000000e+00  3.00000000e+00  1.50000000e+00  2.00000000e+00  1.50000000e+00  1.12500000e+00]]