[[ 6.     10.      6.75   18.     18.      9.     13.5     6.75    3.375   3.375   3.75    4.      2.25    2.25    3.      1.5     1.5     1.5     2.      1.      2.      1.5     1.5     0.75    1.875 ]
 [ 5.     10.      6.75   18.     18.      9.     13.5     6.75    3.375   3.375   3.75    4.      2.25    2.25    3.      1.5     1.5     1.5     2.      1.      2.      1.5     1.5     0.75    1.875 ]
 [ 4.      8.      6.75   18.     18.      9.     13.5     6.75    3.375   3.375   3.75    4.      2.25    2.25    3.      1.5     1.5     1.5     2.      1.      2.      1.5     1.5     0.75    1.875 ]
 [ 3.5     7.      5.25   19.     19.      9.5    13.5     6.75    3.375   3.375   3.75    4.      2.25    2.25    3.      1.5     1.5     1.5     2.      1.      2.      1.5     1.5     0.75    1.875 ]
 [ 3.5     7.      5.25   19.     21.     10.5    13.5     6.75    3.375   3.375   3.75    4.      2.25    2.25    3.      1.5     1.5     1.5     2.      1.      2.      1.5     1.5     0.75    1.875 ]
 [ 3.5     7.      5.25   19.     21.     11.5    13.5     6.75    3.375   3.375   3.75    4.      2.25    2.25    3.      1.5     1.5     1.5     2.      1.      2.      1.5     1.5     0.75    1.875 ]
 [ 3.5     7.      5.25   17.     17.      8.5    13.5     6.75    3.375   3.375   3.75    4.      2.25    2.25    3.      1.5     1.5     1.5     2.      1.      2.      1.5     1.5     0.75    1.875 ]
 [ 3.5     7.      5.25   15.     15.      7.5    11.5     6.75    3.375   3.375   3.75    4.      2.25    2.25    3.      1.5     1.5     1.5     2.      1.      2.      1.5     1.5     0.75    1.875 ]
 [ 4.      8.      6.     16.     16.      8.     12.      6.      4.125   3.375   3.75    4.      2.25    2.25    3.      1.5     1.5     1.5     2.      1.      2.      1.5     1.5     0.75    1.875 ]
 [ 3.      6.      4.5    12.     12.      6.      9.      4.5     2.625   3.375   3.75    4.      2.25    2.25    3.      1.5     1.5     1.5     2.      1.      2.      1.5     1.5     0.75    1.875 ]
 [ 3.      6.      4.5    12.     12.      6.      9.      4.5     2.25    2.25    4.5     4.      2.25    2.25    3.      1.5     1.5     1.5     2.      1.      2.      1.5     1.5     0.75    2.25  ]
 [ 2.      4.      3.      8.      8.      4.      6.      3.      1.5     1.5     3.      4.      2.25    2.25    3.      1.5     1.5     1.5     2.      1.      2.      1.5     1.5     0.75    1.5   ]
 [ 1.      2.      1.5     4.      4.      2.      3.      1.5     0.75    0.75    1.5     2.      2.25    2.25    3.      1.5     1.5     1.5     2.      1.      2.      1.5     1.5     0.75    0.75  ]
 [ 0.5     1.      0.75    2.      2.      1.      1.5     0.75    0.375   0.375   0.75    1.      0.75    2.25    2.      1.      1.5     1.5     2.      1.      2.      1.5     1.5     0.75    0.375 ]
 [ 0.5     1.      0.75    2.      2.      1.      1.5     0.75    0.375   0.375   0.75    1.      0.75    2.25    4.      2.      1.5     1.5     2.      1.      2.      1.5     1.5     0.75    0.375 ]
 [ 0.5     1.      0.75    2.      2.      1.      1.5     0.75    0.375   0.375   0.75    1.      0.75    2.25    4.      3.      1.5     1.5     2.      1.      2.      1.5     1.5     0.75    0.375 ]
 [ 0.25    0.5     0.375   1.      1.      0.5     0.75    0.375   0.1875  0.1875  0.375   0.5     0.375   0.375   0.5     0.25    1.5     1.5     2.      1.      2.      1.5     0.75    0.375   0.1875]
 [ 0.      0.      0.      0.      0.      0.      0.      0.      0.      0.      0.      0.      0.      0.      0.      0.      0.      1.5     1.      0.5     2.      1.5     0.      0.      0.    ]
 [-0.     -0.     -0.     -0.     -0.     -0.     -0.     -0.     -0.     -0.     -0.     -0.     -0.     -0.     -0.     -0.     -0.      1.5     3.      1.5     2.      1.5    -0.     -0.     -0.    ]
 [ 0.      0.      0.      0.      0.      0.      0.      0.      0.      0.      0.      0.      0.      0.      0.      0.      0.      1.5     3.      2.5     2.      1.5     0.      0.      0.    ]
 [ 0.      0.      0.      0.      0.      0.      0.      0.      0.      0.      0.      0.      0.      0.      0.      0.      0.      0.      0.      0.      2.      1.      0.      0.      0.    ]
 [ 0.      0.      0.      0.      0.      0.      0.      0.      0.      0.      0.      0.      0.      0.      0.      0.      0.      0.      0.      0.      2.      2.      0.      0.      0.    ]
 [ 0.75    1.5     1.125   3.      3.      1.5     2.25    1.125   0.5625  0.5625  1.125   1.5     1.125   1.125   1.5     0.75    1.5     1.5     2.      1.      2.      1.5     2.25    1.125   0.5625]
 [ 1.25    2.5     1.875   5.      5.      2.5     3.75    1.875   0.9375  0.9375  1.875   2.5     1.875   1.875   2.5     1.25    1.5     1.5     2.      1.      2.      1.5     1.75    1.875   0.9375]
 [ 4.      8.      6.     16.     16.      8.     12.      6.      3.      3.      4.      4.      2.25    2.25    3.      1.5     1.5     1.5     2.      1.      2.      1.5     1.5     0.75    3.    ]]