[[ 1.00000000e+00  3.75000000e-01  3.75000000e-01  4.00000000e+00  2.00000000e+00  1.20000000e+01  1.20000000e+01  1.20000000e+01  6.00000000e+00  1.00000000e+01  8.00000000e+00  6.00000000e+00  4.00000000e+00  2.00000000e+00  5.50000000e+00  6.00000000e+00  3.00000000e+00  5.00000000e-01  3.75000000e-01  3.75000000e-01  3.75000000e-01  3.75000000e-01]
 [ 0.00000000e+00  1.12500000e+00  3.75000000e-01  4.00000000e+00  2.00000000e+00  1.20000000e+01  1.20000000e+01  1.20000000e+01  6.00000000e+00  1.00000000e+01  8.00000000e+00  6.00000000e+00  4.00000000e+00  2.00000000e+00  5.50000000e+00  6.00000000e+00  3.00000000e+00  7.50000000e-01  3.75000000e-01  7.50000000e-01 -7.13714802e-17  0.00000000e+00]
 [ 0.00000000e+00  3.75000000e-01  1.12500000e+00  4.00000000e+00  2.00000000e+00  1.20000000e+01  1.20000000e+01  1.20000000e+01  6.00000000e+00  1.00000000e+01  8.00000000e+00  6.00000000e+00  4.00000000e+00  2.00000000e+00  5.16666667e+00  5.33333333e+00  2.66666667e+00  2.50000000e-01  1.25000000e-01  2.50000000e-01 -6.34413157e-17  0.00000000e+00]
 [ 0.00000000e+00  0.00000000e+00  0.00000000e+00  4.00000000e+00  2.00000000e+00  1.20000000e+01  1.20000000e+01  1.20000000e+01  6.00000000e+00  1.00000000e+01  8.00000000e+00  6.00000000e+00  4.00000000e+00  2.00000000e+00  4.00000000e+00  4.00000000e+00  2.00000000e+00 -9.51619735e-17 -7.13714802e-17 -1.18952467e-16 -4.75809868e-17  0.00000000e+00]
 [ 0.00000000e+00  0.00000000e+00  0.00000000e+00  2.00000000e+00  2.00000000e+00  1.20000000e+01  1.20000000e+01  1.20000000e+01  6.00000000e+00  1.00000000e+01  8.00000000e+00  6.00000000e+00  4.00000000e+00  2.00000000e+00  2.00000000e+00  2.00000000e+00  1.00000000e+00 -4.75809868e-17 -3.56857401e-17 -5.94762335e-17 -2.37904934e-17  0.00000000e+00]
 [ 0.00000000e+00  0.00000000e+00  0.00000000e+00  0.00000000e+00  0.00000000e+00  1.20000000e+01  1.20000000e+01  1.20000000e+01  6.00000000e+00  1.00000000e+01  8.00000000e+00  6.00000000e+00  4.00000000e+00  2.00000000e+00  0.00000000e+00  0.00000000e+00  0.00000000e+00  0.00000000e+00  0.00000000e+00  0.00000000e+00  0.00000000e+00  0.00000000e+00]
 [ 0.00000000e+00  0.00000000e+00  0.00000000e+00  0.00000000e+00  0.00000000e+00  1.20000000e+01  1.40000000e+01  1.40000000e+01  7.00000000e+00  1.00000000e+01  8.00000000e+00  6.00000000e+00  4.00000000e+00  2.00000000e+00  0.00000000e+00  0.00000000e+00  0.00000000e+00  0.00000000e+00  0.00000000e+00  0.00000000e+00  0.00000000e+00  0.00000000e+00]
 [-0.00000000e+00 -0.00000000e+00 -0.00000000e+00 -0.00000000e+00 -0.00000000e+00  1.20000000e+01  1.40000000e+01  1.60000000e+01  8.00000000e+00  1.00000000e+01  8.00000000e+00  6.00000000e+00  4.00000000e+00  2.00000000e+00 -0.00000000e+00 -0.00000000e+00 -0.00000000e+00 -0.00000000e+00 -0.00000000e+00 -0.00000000e+00 -0.00000000e+00 -0.00000000e+00]
 [ 0.00000000e+00  0.00000000e+00  0.00000000e+00  0.00000000e+00  0.00000000e+00  1.20000000e+01  1.40000000e+01  1.60000000e+01  9.00000000e+00  1.00000000e+01  8.00000000e+00  6.00000000e+00  4.00000000e+00  2.00000000e+00  0.00000000e+00  0.00000000e+00  0.00000000e+00  0.00000000e+00  0.00000000e+00  0.00000000e+00  0.00000000e+00  0.00000000e+00]
 [ 0.00000000e+00  0.00000000e+00  0.00000000e+00  0.00000000e+00  0.00000000e+00  1.00000000e+01  1.00000000e+01  1.00000000e+01  5.00000000e+00  1.00000000e+01  8.00000000e+00  6.00000000e+00  4.00000000e+00  2.00000000e+00  0.00000000e+00  0.00000000e+00  0.00000000e+00  0.00000000e+00  0.00000000e+00  0.00000000e+00  0.00000000e+00  0.00000000e+00]
 [ 0.00000000e+00  0.00000000e+00  0.00000000e+00  0.00000000e+00  0.00000000e+00  8.00000000e+00  8.00000000e+00  8.00000000e+00  4.00000000e+00  8.00000000e+00  8.00000000e+00  6.00000000e+00  4.00000000e+00  2.00000000e+00  0.00000000e+00  0.00000000e+00  0.00000000e+00  0.00000000e+00  0.00000000e+00  0.00000000e+00  0.00000000e+00  0.00000000e+00]
 [ 0.00000000e+00  0.00000000e+00  0.00000000e+00  0.00000000e+00  0.00000000e+00  6.00000000e+00  6.00000000e+00  6.00000000e+00  3.00000000e+00  6.00000000e+00  6.00000000e+00  6.00000000e+00  4.00000000e+00  2.00000000e+00  0.00000000e+00  0.00000000e+00  0.00000000e+00  0.00000000e+00  0.00000000e+00  0.00000000e+00  0.00000000e+00  0.00000000e+00]
 [ 0.00000000e+00  0.00000000e+00  0.00000000e+00  0.00000000e+00  0.00000000e+00  4.00000000e+00  4.00000000e+00  4.00000000e+00  2.00000000e+00  4.00000000e+00  4.00000000e+00  4.00000000e+00  4.00000000e+00  2.00000000e+00  0.00000000e+00  0.00000000e+00  0.00000000e+00  0.00000000e+00  0.00000000e+00  0.00000000e+00  0.00000000e+00  0.00000000e+00]
 [ 0.00000000e+00  0.00000000e+00  0.00000000e+00  0.00000000e+00  0.00000000e+00  2.00000000e+00  2.00000000e+00  2.00000000e+00  1.00000000e+00  2.00000000e+00  2.00000000e+00  2.00000000e+00  2.00000000e+00  2.00000000e+00  0.00000000e+00  0.00000000e+00  0.00000000e+00  0.00000000e+00  0.00000000e+00  0.00000000e+00  0.00000000e+00  0.00000000e+00]
 [ 0.00000000e+00  0.00000000e+00  0.00000000e+00  4.00000000e+00  2.00000000e+00  1.20000000e+01  1.20000000e+01  1.20000000e+01  6.00000000e+00  1.00000000e+01  8.00000000e+00  6.00000000e+00  4.00000000e+00  2.00000000e+00  6.00000000e+00  6.00000000e+00  3.00000000e+00 -1.42742960e-16 -1.07057220e-16 -1.78428700e-16 -7.13714802e-17  0.00000000e+00]
 [-0.00000000e+00 -0.00000000e+00 -0.00000000e+00  4.00000000e+00  2.00000000e+00  1.20000000e+01  1.20000000e+01  1.20000000e+01  6.00000000e+00  1.00000000e+01  8.00000000e+00  6.00000000e+00  4.00000000e+00  2.00000000e+00  6.00000000e+00  8.00000000e+00  4.00000000e+00 -1.90323947e-16 -1.42742960e-16 -2.37904934e-16 -9.51619735e-17 -0.00000000e+00]
 [-0.00000000e+00 -0.00000000e+00 -0.00000000e+00  4.00000000e+00  2.00000000e+00  1.20000000e+01  1.20000000e+01  1.20000000e+01  6.00000000e+00  1.00000000e+01  8.00000000e+00  6.00000000e+00  4.00000000e+00  2.00000000e+00  6.00000000e+00  8.00000000e+00  5.00000000e+00 -1.90323947e-16 -1.42742960e-16 -2.37904934e-16 -9.51619735e-17 -0.00000000e+00]
 [ 0.00000000e+00  0.00000000e+00  0.00000000e+00  4.00000000e+00  2.00000000e+00  1.20000000e+01  1.20000000e+01  1.20000000e+01  6.00000000e+00  1.00000000e+01  8.00000000e+00  6.00000000e+00  4.00000000e+00  2.00000000e+00  5.50000000e+00  6.00000000e+00  3.00000000e+00  1.50000000e+00  7.50000000e-01  7.50000000e-01 -7.13714802e-17  0.00000000e+00]
 [ 0.00000000e+00  0.00000000e+00  0.00000000e+00  4.00000000e+00  2.00000000e+00  1.20000000e+01  1.20000000e+01  1.20000000e+01  6.00000000e+00  1.00000000e+01  8.00000000e+00  6.00000000e+00  4.00000000e+00  2.00000000e+00  5.16666667e+00  5.33333333e+00  2.66666667e+00  5.00000000e-01  1.25000000e+00  2.50000000e-01 -6.34413157e-17  0.00000000e+00]
 [-0.00000000e+00 -0.00000000e+00 -0.00000000e+00  4.00000000e+00  2.00000000e+00  1.20000000e+01  1.20000000e+01  1.20000000e+01  6.00000000e+00  1.00000000e+01  8.00000000e+00  6.00000000e+00  4.00000000e+00  2.00000000e+00  5.83333333e+00  6.66666667e+00  3.33333333e+00  5.00000000e-01  2.50000000e-01  1.25000000e+00 -7.93016446e-17 -0.00000000e+00]
 [ 0.00000000e+00  0.00000000e+00  0.00000000e+00  4.00000000e+00  2.00000000e+00  1.20000000e+01  1.20000000e+01  1.20000000e+01  6.00000000e+00  1.00000000e+01  8.00000000e+00  6.00000000e+00  4.00000000e+00  2.00000000e+00  5.50000000e+00  6.00000000e+00  3.00000000e+00  7.50000000e-01  7.50000000e-01  3.75000000e-01  1.12500000e+00  3.75000000e-01]
 [ 0.00000000e+00  0.00000000e+00  0.00000000e+00  4.00000000e+00  2.00000000e+00  1.20000000e+01  1.20000000e+01  1.20000000e+01  6.00000000e+00  1.00000000e+01  8.00000000e+00  6.00000000e+00  4.00000000e+00  2.00000000e+00  5.83333333e+00  6.66666667e+00  3.33333333e+00  2.50000000e-01  2.50000000e-01  1.25000000e-01  3.75000000e-01  1.12500000e+00]]