[[ 1.12500000e+00  3.75000000e-01  1.00000000e+00  1.50000000e+00  1.50000000e+00  2.00000000e+00  1.87500000e+00  1.12500000e+00  5.62500000e-01  2.00000000e+00  1.50000000e+00  9.37500000e-01  1.50000000e+00  7.50000000e-01  1.75000000e+00  1.25000000e+00  7.50000000e-01  3.75000000e-01]
 [ 3.75000000e-01  1.12500000e+00  1.00000000e+00  1.50000000e+00  1.50000000e+00  2.00000000e+00  1.87500000e+00  1.12500000e+00  5.62500000e-01  2.00000000e+00  1.50000000e+00  9.37500000e-01  5.00000000e-01  2.50000000e-01  5.83333333e-01  4.16666667e-01  2.50000000e-01  1.25000000e-01]
 [ 0.00000000e+00  0.00000000e+00  1.50000000e+00  1.50000000e+00  1.50000000e+00  2.00000000e+00  1.87500000e+00  1.12500000e+00  5.62500000e-01  2.00000000e+00  1.50000000e+00  9.37500000e-01  0.00000000e+00  3.33066907e-16  1.66533454e-16  1.66533454e-16  0.00000000e+00  0.00000000e+00]
 [ 0.00000000e+00  0.00000000e+00  5.00000000e-01  1.50000000e+00  1.50000000e+00  2.00000000e+00  1.87500000e+00  1.12500000e+00  5.62500000e-01  2.00000000e+00  1.50000000e+00  9.37500000e-01  0.00000000e+00  3.33066907e-16  1.66533454e-16  1.66533454e-16  0.00000000e+00  0.00000000e+00]
 [ 0.00000000e+00  0.00000000e+00  0.00000000e+00  3.33066907e-16  2.00000000e+00  2.00000000e+00  1.87500000e+00  1.12500000e+00  5.62500000e-01  2.00000000e+00  1.50000000e+00  9.37500000e-01  0.00000000e+00  3.33066907e-16  1.66533454e-16  1.66533454e-16  0.00000000e+00  0.00000000e+00]
 [-0.00000000e+00 -0.00000000e+00 -0.00000000e+00  3.33066907e-16  1.00000000e+00  2.00000000e+00  1.87500000e+00  1.12500000e+00  5.62500000e-01  2.00000000e+00  1.50000000e+00  9.37500000e-01 -0.00000000e+00  3.33066907e-16  1.66533454e-16  1.66533454e-16 -0.00000000e+00 -0.00000000e+00]
 [ 0.00000000e+00  0.00000000e+00  0.00000000e+00  0.00000000e+00  0.00000000e+00  0.00000000e+00  1.87500000e+00  1.12500000e+00  5.62500000e-01  2.00000000e+00  1.50000000e+00  9.37500000e-01  0.00000000e+00  0.00000000e+00  0.00000000e+00  0.00000000e+00  0.00000000e+00  0.00000000e+00]
 [ 0.00000000e+00  0.00000000e+00  0.00000000e+00  0.00000000e+00  0.00000000e+00  0.00000000e+00  1.12500000e+00  1.87500000e+00  9.37500000e-01  2.00000000e+00  1.50000000e+00  5.62500000e-01  0.00000000e+00  0.00000000e+00  0.00000000e+00  0.00000000e+00  0.00000000e+00  0.00000000e+00]
 [ 0.00000000e+00  0.00000000e+00  0.00000000e+00  0.00000000e+00  0.00000000e+00  0.00000000e+00  3.75000000e-01  6.25000000e-01  1.31250000e+00  2.00000000e+00  1.50000000e+00  1.87500000e-01  0.00000000e+00  0.00000000e+00  0.00000000e+00  0.00000000e+00  0.00000000e+00  0.00000000e+00]
 [ 0.00000000e+00  0.00000000e+00  0.00000000e+00  0.00000000e+00  0.00000000e+00  0.00000000e+00  0.00000000e+00  0.00000000e+00 -2.42861287e-17  2.00000000e+00  1.00000000e+00  0.00000000e+00  0.00000000e+00  0.00000000e+00  0.00000000e+00  0.00000000e+00  0.00000000e+00  0.00000000e+00]
 [-0.00000000e+00 -0.00000000e+00 -0.00000000e+00 -0.00000000e+00 -0.00000000e+00 -0.00000000e+00 -0.00000000e+00 -0.00000000e+00 -4.85722573e-17  2.00000000e+00  2.00000000e+00 -0.00000000e+00 -0.00000000e+00 -0.00000000e+00 -0.00000000e+00 -0.00000000e+00 -0.00000000e+00 -0.00000000e+00]
 [ 0.00000000e+00  0.00000000e+00  0.00000000e+00  0.00000000e+00  0.00000000e+00  0.00000000e+00  6.25000000e-01  3.75000000e-01  1.87500000e-01  2.00000000e+00  1.50000000e+00  1.31250000e+00  0.00000000e+00  0.00000000e+00  0.00000000e+00  0.00000000e+00  0.00000000e+00  0.00000000e+00]
 [ 0.00000000e+00  0.00000000e+00  1.00000000e+00  1.50000000e+00  1.50000000e+00  2.00000000e+00  1.87500000e+00  1.12500000e+00  5.62500000e-01  2.00000000e+00  1.50000000e+00  9.37500000e-01  2.25000000e+00  1.12500000e+00  1.75000000e+00  1.25000000e+00  7.50000000e-01  3.75000000e-01]
 [-0.00000000e+00 -0.00000000e+00  1.00000000e+00  1.50000000e+00  1.50000000e+00  2.00000000e+00  1.87500000e+00  1.12500000e+00  5.62500000e-01  2.00000000e+00  1.50000000e+00  9.37500000e-01  7.50000000e-01  1.37500000e+00  5.83333333e-01  4.16666667e-01  2.50000000e-01  1.25000000e-01]
 [ 0.00000000e+00  0.00000000e+00  1.00000000e+00  1.50000000e+00  1.50000000e+00  2.00000000e+00  1.87500000e+00  1.12500000e+00  5.62500000e-01  2.00000000e+00  1.50000000e+00  9.37500000e-01  1.75000000e+00  8.75000000e-01  2.91666667e+00  2.08333333e+00  1.25000000e+00  6.25000000e-01]
 [ 0.00000000e+00  0.00000000e+00  1.00000000e+00  1.50000000e+00  1.50000000e+00  2.00000000e+00  1.87500000e+00  1.12500000e+00  5.62500000e-01  2.00000000e+00  1.50000000e+00  9.37500000e-01  1.25000000e+00  6.25000000e-01  2.08333333e+00  2.91666667e+00  1.75000000e+00  8.75000000e-01]
 [ 0.00000000e+00  0.00000000e+00  1.00000000e+00  1.50000000e+00  1.50000000e+00  2.00000000e+00  1.87500000e+00  1.12500000e+00  5.62500000e-01  2.00000000e+00  1.50000000e+00  9.37500000e-01  7.50000000e-01  3.75000000e-01  1.25000000e+00  1.75000000e+00  2.25000000e+00  1.12500000e+00]
 [ 0.00000000e+00  0.00000000e+00  1.00000000e+00  1.50000000e+00  1.50000000e+00  2.00000000e+00  1.87500000e+00  1.12500000e+00  5.62500000e-01  2.00000000e+00  1.50000000e+00  9.37500000e-01  2.50000000e-01  1.25000000e-01  4.16666667e-01  5.83333333e-01  7.50000000e-01  1.37500000e+00]]