[[ 9.         14.16666667  8.5         4.25        2.125       2.125       4.          2.          4.16666667  2.5         1.25        0.625       0.625     ]
 [ 8.         14.16666667  8.5         4.25        2.125       2.125       4.          2.          4.16666667  2.5         1.25        0.625       0.625     ]
 [ 7.         12.16666667  8.5         4.25        2.125       2.125       4.          2.          4.16666667  2.5         1.25        0.625       0.625     ]
 [ 6.         10.16666667  6.5         4.25        2.125       2.125       4.          2.          4.16666667  2.5         1.25        0.625       0.625     ]
 [ 7.         11.66666667  7.          3.5         2.875       2.125       4.          2.          4.16666667  2.5         1.25        0.625       0.625     ]
 [ 4.          6.66666667  4.          2.          1.375       2.125       4.          2.          4.16666667  2.5         1.25        0.625       0.625     ]
 [ 2.          3.33333333  2.          1.          0.5         0.5         4.          2.          3.33333333  2.          1.          0.5         0.5       ]
 [ 1.          1.66666667  1.          0.5         0.25        0.25        2.          2.          1.66666667  1.          0.5         0.25        0.25      ]
 [ 3.          5.          3.          1.5         0.75        0.75        4.          2.          5.          3.          1.5         0.75        0.75      ]
 [ 4.          6.66666667  4.          2.          1.          1.          4.          2.          4.66666667  4.          2.          1.          1.        ]
 [ 5.          8.33333333  5.          2.5         1.25        1.25        4.          2.          4.33333333  3.          2.5         1.25        1.25      ]
 [ 7.         11.66666667  7.          3.5         1.75        1.75        4.          2.          4.16666667  2.5         1.25        1.75        1.        ]
 [ 4.          6.66666667  4.          2.          1.          1.          4.          2.          4.16666667  2.5         1.25        1.          1.75      ]]