[[ 1.          0.53333333  0.6        13.33333333  6.83333333 11.375       8.125       4.875       2.4375     13.          6.5        11.375       8.125       4.875       2.4375      4.          2.          4.375       3.125       1.875       0.9375      0.4         0.4         0.33333333]
 [ 0.          1.2         0.6        13.          6.5        11.375       8.125       4.875       2.4375     13.          6.5        11.375       8.125       4.875       2.4375      4.          2.          4.375       3.125       1.875       0.9375      0.9         0.9         0.        ]
 [ 0.          0.4         1.2        13.          6.5        11.375       8.125       4.875       2.4375     13.          6.5        11.375       8.125       4.875       2.4375      4.          2.          4.375       3.125       1.875       0.9375      0.3         0.3         0.        ]
 [ 0.          0.          0.         14.          7.         11.375       8.125       4.875       2.4375     13.          6.5        11.375       8.125       4.875       2.4375      4.          2.          4.375       3.125       1.875       0.9375      0.          0.          0.        ]
 [-0.         -0.         -0.         14.          8.         11.375       8.125       4.875       2.4375     13.          6.5        11.375       8.125       4.875       2.4375      4.          2.          4.375       3.125       1.875       0.9375     -0.         -0.         -0.        ]
 [ 0.          0.          0.         12.          6.         11.375       8.125       4.875       2.4375     13.          6.5        11.375       8.125       4.875       2.4375      4.          2.          4.375       3.125       1.875       0.9375      0.          0.          0.        ]
 [ 0.          0.          0.         10.          5.          9.375       8.125       4.875       2.4375     13.          6.5        11.375       8.125       4.875       2.4375      4.          2.          4.375       3.125       1.875       0.9375      0.          0.          0.        ]
 [ 0.          0.          0.          8.          4.          7.375       6.125       4.875       2.4375     13.          6.5        11.375       8.125       4.875       2.4375      4.          2.          4.375       3.125       1.875       0.9375      0.          0.          0.        ]
 [ 0.          0.          0.          6.          3.          5.375       4.125       2.875       2.4375     13.          6.5        11.375       8.125       4.875       2.4375      4.          2.          4.375       3.125       1.875       0.9375      0.          0.          0.        ]
 [ 0.          0.          0.          5.          2.5         4.375       3.125       1.875       0.9375     14.          7.         11.375       8.125       4.875       2.4375      4.          2.          4.375       3.125       1.875       0.9375      0.          0.          0.        ]
 [ 0.          0.          0.          5.          2.5         4.375       3.125       1.875       0.9375     14.          8.         11.375       8.125       4.875       2.4375      4.          2.          4.375       3.125       1.875       0.9375      0.          0.          0.        ]
 [ 0.          0.          0.          5.          2.5         4.375       3.125       1.875       0.9375     12.          6.         11.375       8.125       4.875       2.4375      4.          2.          4.375       3.125       1.875       0.9375      0.          0.          0.        ]
 [ 0.          0.          0.          5.          2.5         4.375       3.125       1.875       0.9375     10.          5.          9.375       8.125       4.875       2.4375      4.          2.          4.375       3.125       1.875       0.9375      0.          0.          0.        ]
 [ 0.          0.          0.          5.          2.5         4.375       3.125       1.875       0.9375      8.          4.          7.375       6.125       4.875       2.4375      4.          2.          4.375       3.125       1.875       0.9375      0.          0.          0.        ]
 [ 0.          0.          0.          5.          2.5         4.375       3.125       1.875       0.9375      6.          3.          5.375       4.125       2.875       2.4375      4.          2.          4.375       3.125       1.875       0.9375      0.          0.          0.        ]
 [ 0.          0.          0.          4.          2.          3.5         2.5         1.5         0.75        4.          2.          3.5         2.5         1.5         0.75        4.          2.          3.5         2.5         1.5         0.75        0.          0.          0.        ]
 [ 0.          0.          0.          2.          1.          1.75        1.25        0.75        0.375       2.          1.          1.75        1.25        0.75        0.375       2.          2.          1.75        1.25        0.75        0.375       0.          0.          0.        ]
 [ 0.          0.          0.          6.          3.          5.25        3.75        2.25        1.125       6.          3.          5.25        3.75        2.25        1.125       4.          2.          5.25        3.75        2.25        1.125       0.          0.          0.        ]
 [ 0.          0.          0.          8.          4.          7.          5.          3.          1.5         8.          4.          7.          5.          3.          1.5         4.          2.          5.          5.          3.          1.5         0.          0.          0.        ]
 [ 0.          0.          0.         10.          5.          8.75        6.25        3.75        1.875      10.          5.          8.75        6.25        3.75        1.875       4.          2.          4.75        4.25        3.75        1.875       0.          0.          0.        ]
 [ 0.          0.          0.         12.          6.         10.5         7.5         4.5         2.25       12.          6.         10.5         7.5         4.5         2.25        4.          2.          4.5         3.5         2.5         2.25        0.          0.          0.        ]
 [ 0.          0.          0.         13.          6.5        11.375       8.125       4.875       2.4375     13.          6.5        11.375       8.125       4.875       2.4375      4.          2.          4.375       3.125       1.875       0.9375      1.5         1.5         0.        ]
 [ 0.          0.          0.         13.          6.5        11.375       8.125       4.875       2.4375     13.          6.5        11.375       8.125       4.875       2.4375      4.          2.          4.375       3.125       1.875       0.9375      0.5         1.5         0.        ]
 [ 0.          0.          0.         14.          7.5        11.375       8.125       4.875       2.4375     13.          6.5        11.375       8.125       4.875       2.4375      4.          2.          4.375       3.125       1.875       0.9375      0.          0.          1.        ]]